654.381: 

0010000000011000000000000000000000000000
0011000000010100000000000001000000000100
000100000000010000000000000000000000000000000101100110010011101001010111
0011000000010100000000000001000000000100
000100000000010000000000000000000000000000000101100110010011101001011101
0100000000000000000000000000000000000011
000100000000000010001111011111111000111111
0011000000000000000000000000000000100111
0011000000000001000000000000100100001010
0011000000000001000000000000100100101010
0011000000000001000000000000100100101010
0011000000000001000000000000100100101001
0001000000000001000000000000101011101100
0011000000000001000000000000100100101000
0011000000000001000000000000100100101010
0011000000000001000000000000100100000010
0011000000000000000000000000000000100100
0010000000000111000000000000000000111100
0011000000010100000000000001000000000100
000100000000010000000000000000000000000000000101100110010011110011111010
0011000000010100000000000001000000000100
000100000000010000000000000000000000000000000101100110010011110100000000
00000001001011111111111111110000



654.3745    0 0
// EID Crash Handler Reset
654.3818    20 1800 0000
    
// SNT Synronous Read
654.5187    30 1400 1004 
            10 0400 0000 0599 3A57
            30 1400 1004 
            10 0400 0000 0599 3A5D
    
// PMU ADC Read
654.5965    40 0000 0003 
            10 008F 7F8F
    
// meas_temp_adc() with go_sleep=0
654.5987    30 0000 0027 
654.6455    30 0100 090A 
            30 0100 092A 
654.6565    30 0100 092A 
            30 0100 0929 
654.8997    10 0100 0AEC 
654.9505    30 0100 0928 
            30 0100 092A 
            30 0100 0902 
            30 0000 0024 
    
// Set EID Duration
654.9564    20 0700 003C 
    
// SNT Synronous Read
654.9582    30 1400 1004 
            10 0400 0000 0599 3CFA
            30 1400 1004 
            10 0400 0000 0599 3D00
    
// Selective Sleep
660.3803    01 2FFF F0
