6.1
6
5.1
4.8
5.5
6.2
5.8
5
4.8
5.7
6.3
5.5
4.8
5
6
6.1
5.3
4.8
7.2
6
6.2
5.4
4.8
5
5.9
6.2
5.4
4.8
5.1
6
6
5.2
4.8
5.3
6.1
6
5.3
4.8
5.1
6
6.1
5.3
4.8
5.1
6
6.1
5.4
4.8
4.9
5.8
7.2
4.8
5.2
6
6.2
5.5
4.9
4.8
5.7
6.3
5.7
5
4.8
5.5
6.2
5.8
5
4.8
5.6
6.2
5.8
5.1
4.8
5.5
6.2
5.9
5.2
4.8
5.4
6.2
5.9
5.2
7.3
5.6
5
4.8
5.7
6.3
5.7
5
4.8
5.5
6.2
5.8
5.1
4.8
5.4
6.2
5.9
5.2
4.8
5.2
6
6.1
5.4
4.8
5
5.9
6.2
5.5
4.9
4.9
5.8
6.3
6
6.1
6.1
5.5
4.9
4.9
5.7
6.2
5.9
5.2
4.8
5.1
5.9
6.3
5.7
5.1
4.8
5.4
6.1
6.1
5.4
4.9
4.9
5.7
6.3
5.7
5
4.8
5.6
6.2
5.8
5.1
5.1
5.3
6.1
6.1
5.3
4.8
5.2
6
6.1
5.3
4.8
5.4
6.2
5.9
5.1
4.8
5.6
6.3
5.6
4.9
5
6
6.1
5.2
4.8
5.6
6.3
5.7
4.9
4.9
5.9
6.2
5.6
4.9
4.9
5.9
6.1
5.3
4.8
5.4
6.2
5.7
4.9
4.9
5.9
6.2
5.4
4.8
5.3
6.2
5.9
5
4.8
5.7
6.3
5.6
4.8
5.2
6.1
5.8
5
4.9
6
6
6.2
5.8
5
5
6
5.9
5.1
4.9
6
6
5.1
4.8
5.8
6.2
5.3
4.8
5.5
6.3
5.6
4.8
5.2
6.1
5.8
4.9
4.9
5.9
6.1
5.3
4.8
5.5
6.2
7.6
5.1
6
6
5.2
4.8
5.6
6.3
5.6
4.8
5.2
6.2
5.7
4.9
5.1
6.2
5.7
4.9
5.1
6.2
5.8
4.9
5.1
6.1
5.8
4.9
5.1
6.2
5.7
4.8
5.3
6.3
8.3
5
4.9
6
6
5.1
4.9
6
6.1
5.1
4.8
5.9
6.1
5.1
4.9
6.1
5.8
4.9
5.2
6.2
5.6
4.8
5.5
6.3
5.4
4.8
5.7
6.2
5.2
4.8
5.9
6
6.4
6.1
5.1
4.9
6
5.9
4.9
5.2
6.2
5.5
4.8
5.6
6.2
5.3
4.8
5.9
6
5
4.9
6
5.9
5
5
6.1
5.8
4.9
5
6.1
5.8
4.9
5
6.1
4.9
5.7
6.2
5.2
4.8
5.8
6.1
5.1
4.9
6.1
5.8
4.9
5.3
6.3
5.5
4.8
5.6
6.2
5.2
4.8
5.9
6
5
5
6.2
5.6
4.8
5.6
6.2
5.1
4.9
6.2
5.1
4.9
6
5.9
5
4.9
6.1
5.8
4.9
5.1
6.2
5.6
4.8
5.5
6.3
5.2
4.8
5.9
6
5
5
6.2
5.6
4.8
5.5
6.3
5.2
4.8
5.9
5.9
4.9
7.1
6.1
5.1
4.9
6
5.9
4.9
5.1
6.2
5.5
4.8
5.7
6.1
5
4.9
6.2
5.6
4.8
5.6
6.2
5.1
4.9
6.1
5.7
4.8
5.5
6.3
5.2
4.8
6
5.9
4.9
7.3
5.7
6.2
5.2
4.9
6.1
5.8
4.8
5.4
6.3
5.3
4.8
6
5.8
4.8
5.5
6.3
5.2
4.9
6.1
5.7
4.8
5.6
6.2
5.1
5
6.2
5.5
4.8
5.9
5.9
4.9
7.2
4.8
5.5
6.3
5.3
4.8
5.9
5.9
4.9
5.3
6.3
5.4
4.8
5.9
5.8
4.8
5.4
6.3
5.1
4.9
6.1
5.6
4.8
5.7
6
4.9
5.3
6.3
5.2
4.9
6.1
5.6
6.7
5.6
4.8
5.6
6.1
5
5
6.2
5.4
4.8
5.9
5.7
4.8
5.7
6.1
4.9
5.2
6.3
5.2
4.8
6.1
5.6
4.8
5.7
6.1
5
5.1
6.2
5.4
4.8
6
5.8
5.8
6.3
5.5
4.8
5.7
6.1
5
5.1
6.3
5.4
4.8
5.8
6
4.9
5.3
6.3
5.2
4.9
6.1
5.7
4.8
5.6
6.1
5
5.2
6.3
5.3
4.8
6.1
5.5
4.8
5.8
5
5.2
6.3
5.3
4.8
6
5.8
4.8
5.5
6.2
5
5
6.2
5.5
4.7
5.9
5.8
4.8
5.5
6.2
5
5.1
6.3
5.2
4.9
6.1
5.5
4.7
5.9
5.8
4.8
6.9
5.6
4.8
5.7
6
4.9
5.3
6.3
5.1
4.9
6.1
5.5
4.7
5.9
5.7
4.8
5.7
6
4.9
5.3
6.3
5
5
6.2
5.3
4.8
6.1
5.5
4.7
5.9
5.7
4.7
7
6
5.6
4.8
5.7
6
4.9
5.3
6.3
5.1
4.9
6.2
5.4
4.7
5.9
5.7
4.7
5.7
5.9
4.8
5.5
6.1
5
5.1
6.3
5.2
4.8
6.1
5.5
4.8
5.8
5.9
7.9
4.9
6.1
5.6
4.7
5.8
5.9
4.8
5.5
6.2
5
5.1
6.3
5.2
4.8
6
5.6
4.8
5.7
6
4.8
5.5
6.1
4.9
5.2
6.3
5.2
4.8
6.1
5.5
4.7
5.9
8
5
5
6.2
5.4
4.8
5.9
5.7
4.8
5.6
6.1
5
5.1
6.2
5.4
4.7
5.8
5.9
4.9
5.1
6.2
5.4
4.7
5.7
6.1
5
4.9
6.1
5.6
4.7
5.5
6.2
5.8
6.3
5.3
4.8
5.8
5.9
4.9
5.1
6.2
5.4
4.7
5.7
6
4.9
5.1
6.2
5.4
4.7
5.7
6.1
5
4.9
6.1
5.6
4.8
5.5
6.2
5.2
4.8
5.9
5.8
4.9
5
5.6
6.3
5.3
4.8
5.8
6
5
4.9
6.1
5.6
4.8
5.4
6.3
5.3
4.8
5.8
6
5
4.9
6.2
5.5
4.7
5.7
6
5
5
6.1
5.5
4.7
5.6
6.1
5.4
4.8
5.6
6.1
5.1
4.8
6
5.7
4.8
5.4
6.3
5.3
4.8
5.8
6
5.1
4.8
5.9
5.9
5
4.9
6.1
5.8
4.9
5
6.1
5.8
4.9
5
6.1
5.7
6.2
6.2
5.6
4.8
5.3
6.2
5.5
4.8
5.4
6.2
5.5
4.8
5.6
6.2
5.2
4.8
5.8
6.1
5
4.9
6
5.8
4.8
5.3
6.2
5.4
4.7
5.7
6.1
5.1
4.8
5.9
7
5.1
6
5.9
5
4.8
5.9
6
5.1
4.8
5.8
6.1
5.1
4.8
5.9
6
5.1
4.8
5.9
6
5
4.8
5.9
5.9
5
4.9
6
5.9
5
4.9
6
6
8
4.9
4.9
6
5.9
5
4.9
6
5.8
4.9
5.1
6.1
5.8
4.9
5
6
5.8
4.9
4.9
6
5.8
4.9
4.9
6
5.9
4.9
4.9
6
5.8
4.9
4.9
6
7
5.9
5
4.8
5.9
6
5.1
4.8
5.8
6.1
5.2
4.8
5.7
6.2
5.2
4.7
5.6
6.3
5.4
4.7
5.5
6.2
5.5
4.8
5.3
6.2
5.7
4.8
5.1
6.1
5.8
4.9
5.5
5.9
6.1
5.2
4.8
5.7
6.2
5.2
4.8
5.7
6.2
5.2
4.8
5.7
6.2
5.2
4.8
5.7
6.2
5.3
4.8
5.6
6.3
5.5
4.8
5.3
6.2
5.7
4.8
5
6
6.1
5.1
4.8
5.6
6.2
5.8
5.1
4.8
5.5
6.2
5.8
5
4.8
5.6
6.2
5.7
5
4.8
5.5
6.2
5.8
5.1
4.8
5.4
6.1
6
5.3
4.8
5.1
6
6.1
5.4
5.4
6.3
5.6
5
4.8
5.6
6.2
5.8
5.1
4.8
5.5
6.2
5.9
5.2
4.8
5.3
6.1
5.9
5.2
4.8
5.3
6.1
5.9
5.2
4.8
5.4
6.2
5.9
5.1
16.5
-14
-19.8
-20.5
-22.8
-21.9
-22
-22.6
-21.4
-23.2
-22.1
-21.8
-22.7
-21.4
-23.1
-22.2
-21.5
-22.7
-21.6
-22.9
-22.3
-21.3
-22.8
-21.7
-22.7
-22.4
-21.2
-22.9
-21.7
-22.8
-22.4
-21.2
-22.9
-21.8
-22.5
-22.5
-21.2
-23.1
-22
-22.4
-22.5
-21.2
-23
-21.9
-22.4
-22.5
-21.2
-23
-21.9
-22.4
-22.5
-21.2
-23
-21.9
-22.7
-22.4
-21.2
-22.9
-21.8
-22.7
-22.4
-21.2
-22.9
-21.7
-22.8
-22.4
-21.3
-22.8
-21.7
-22.8
-22.3
-21.3
-22.8
-21.6
-22.9
-22.3
-21.4
-22.8
-21.6
-23.1
-22.2
-21.5
-22.8
-21.6
-22.9
-22.3
-21.3
-22.8
-21.7
-22.9
-22.3
-21.3
-22.8
-21.7
-23
-22.4
-21.3
-22.8
-21.6
-22.8
-22.3
-21.2
-22.8
-21.7
-22.9
-22.4
-21.1
-22.8
-21.6
-22.7
-22.4
-21.2
-22.8
-21.7
-22.7
-22.4
-21.2
-22.9
-21.8
-22.6
-22.4
-21.1
-22.9
-21.7
-22.7
-22.4
-21.2
-22.9
-21.8
-22.6
-22.4
-21.2
-23
-21.8
-22.5
-22.5
-21.2
-23
-21.9
-22.3
-22.5
-21.3
-23.1
-22.1
-22.1
-22.6
-21.3
-23.1
-22.1
-21.9
-22.6
-21.4
-23.1
-22.1
-22.2
-22.6
-21.3
-23.1
-22
-22.4
-22.5
-21.2
-23
-21.8
-22.6
-22.4
-21.2
-22.9
-21.8
-22.6
-22.4
-21.4
-22.8
-21.6
-23.1
-22.3
-21.5
-22.8
-21.6
-22.9
-22.3
-21.4
-22.8
-21.7
-22.9
-22.3
-21.4
-22.8
-21.6
-22.9
-22.3
-21.4
-22.8
-21.7
-22.8
-22.4
-21.4
-22.9
-21.7
-22.9
-22.3
-21.4
-22.8
-21.7
-22.9
-22.4
-21.3
-22.9
-21.7
-22.8
-22.4
-21.2
-22.9
-21.7
-22.8
-22.4
-21.3
-22.9
-21.7
-22.7
-22.4
-21.2
-22.8
-21.7
-22.8
-22.4
-21.3
-22.9
-21.7
-22.9
-22.3
-21.3
-22.8
-21.7
-22.9
-22.3
-21.4
-22.8
-21.6
-23.1
-22.3
-21.7
-22.7
-21.4
-23.1
-22.1
-22.1
-22.6
-21.3
-23.1
-22
-22.3
-22.5
-21.3
-23.1
-22
-22.5
-22.5
-21.2
-22.9
-21.8
-22.7
-22.4
-21.2
-22.9
-21.7
-22.9
-22.3
-21.5
-22.8
-21.6
-23.1
-22.3
-21.6
-22.7
-21.4
-23.1
-22.1
-21.7
-22.7
-21.5
-23.1
-22.3
-21.4
-22.8
-21.6
-22.9
-22.3
-21.3
-22.8
-21.7
-22.8
-22.4
-21.3
-22.8
-21.7
-22.7
-22.4
-21.2
-22.9
-21.8
-22.7
-22.4
-21.2
-22.9
-21.8
-22.5
-22.5
-21.2
-22.9
-21.8
-22.5
-22.5
-21.2
-22.9
-21.8
-22.6
-22.4
-21.2
-22.9
-21.8
-22.7
-22.4
-21.2
-22.9
-21.8
-22.7
-22.4
-21.3
-22.9
-21.7
-22.8
-22.4
-21.3
-22.8
-21.7
-23.1
-22.3
-21.5
-22.7
-21.5
-23.1
-22.2
-21.7
-22.7
-21.5
-23.1
-22.1
-22
-22.6
-21.3
-23.1
-22
-22.4
-22.5
-21.2
-22.9
-21.8
-22.7
-22.4
-21.3
-22.8
-21.6
-23.1
-22.3
-21.7
-22.7
-21.5
-23.2
-22.2
-21.8
-22.7
-21.4
-23.1
-22.2
-21.5
-22.7
-21.5
-23.1
-22.2
-21.7
-22.7
-6.3
-20.7
-21.1
-23.2
-22.3
-22.3
-22.8
-21.6
-23.3
-22.3
-22.1
-22.8
-21.6
-23.2
-22.2
-22.1
-22.8
-21.6
-23.3
-22.3
-22.3
-22.7
-21.5
-23.2
-22.1
-22.4
-22.6
-21.5
-23.2
-22.1
-22.4
-22.6
-21.3
-23
-22
-22.7
-22.4
-21.4
-22.9
-21.8
-22.7
-22.5
-21.5
-22.9
-21.8
-23.1
-22.4
-21.6
-22.8
-21.8
-23.1
-22.3
-21.6
-22.8
-21.7
-23.2
-22.3
-22
-22.7
-21.6
-23.2
-22.1
-22.3
-22.6
-21.4
-23.1
-21.8
-22.8
-22.4
-21.4
-22.9
-21.8
-23
-22.4
-21.6
-22.8
-21.7
-23.2
-22.3
-22
-22.7
-21.6
-23.2
-22.2
-22
-22.7
-21.5
-23.2
-22.1
-22.4
-22.6
-21.5
-23.2
-22.1
-22.4
-22.6
-21.4
-23.1
-22
-22.5
-22.6
-21.4
-23.1
-22
-22.6
-22.5
-21.4
-23
-22
-22.6
-22.5
-21.4
-22.9
-21.8
-22.8
-22.4
-21.4
-22.9
-21.8
-23.1
-22.3
-21.6
-22.8
-21.8
-23.1
-22.3
-21.7
-22.8
-21.7
-23.1
-22.3
-21.7
-22.8
-21.7
-23.1
-22.3
-21.6
-22.8
-21.7
-23.1
-22.3
-21.6
-22.8
-21.6
-23.3
-22.2
-22.1
-22.6
-21.5
-23.1
-22.1
-22.4
-22.6
-21.4
-23.1
-21.9
-22.7
-22.4
-21.4
-22.8
-21.7
-23.2
-22.3
-22
-22.7
-21.6
-23.2
-22.1
-22.2
-22.6
-21.4
-23.1
-22
-22.4
-22.5
-21.4
-23.1
-22
-22.7
-22.4
-21.5
-22.9
-21.7
-23.1
-22.3
-21.7
-22.8
-21.7
-23.1
-22.3
-21.7
-22.7
-21.5
-23.1
-22.2
-21.8
-19.1
-22.2
-21.6
-23
-22.6
-21.5
-23
-22
-22.4
-22.6
-21.4
-23.1
-22
-22.5
-22.6
-21.4
-23.1
-22
-22.7
-22.5
-21.4
-23
-22
-22.6
-22.5
-21.4
-23.1
-22
-22.5
-22.6
-21.4
-23.1
-22
-22.5
-22.6
-21.4
-23.1
-22
-22.7
-22.4
-21.5
-22.8
-21.7
-23.2
-22.3
-22
-22.7
-21.5
-23.1
-22
-22.6
-22.5
-21.5
-22.9
-21.7
-23.1
-22.3
-21.7
-22.7
-21.6
-23.2
-22.1
-22.2
-22.6
-21.4
-23.1
-22
-22.8
-22.4
-21.5
-22.8
-21.7
-23.1
-22.3
-22
-22.7
-21.5
-23.1
-22
-22.4
-22.5
-21.4
-23
-22
-22.7
-22.5
-21.4
-22.9
-21.8
-22.7
-22.4
-21.4
-23
-21.9
-22.6
-22.5
-21.4
-22.9
-21.8
-22.7
-22.4
-21.5
-22.8
-21.7
-23
-22.2
-21.8
-22.7
-21.6
-23.2
-22.2
-21.9
-22.7
-21.6
-23.2
-22.2
-22.2
-22.6
-21.4
-23.1
-22.1
-22.6
-22.5
-21.3
-22.9
-21.9
-22.8
-22.4
-21.4
-22.9
-21.7
-22.9
-22.3
-21.6
-22.8
-21.6
-23.2
-22.1
-22.2
-22.6
-21.4
-23.1
-22
-22.7
-22.5
-21.4
-22.9
-21.8
-22.8
-22.4
-21.6
-22.8
-21.7
-23.2
-22.2
-22.1
-22.6
-21.5
-23.2
-22.1
-22.3
-22.6
-21.4
-23
-21.9
-22.8
-22.4
-21.4
-22.9
-21.7
-23.1
-22.3
-21.7
-22.7
-21.6
-23.2
-22.2
-22.1
-22.7
-21.5
-23.2
-22.2
-22.2
-22.6
-21.5
-23.1
-22.1
-22.1
-22.6
-21.5
-23.2
-22.1
-22.3
-22.5
-21.5
-23.2
-22.1
-22.4
-22.6
-21.4
-23.1
-22
-22.4
-22.5
-21.4
-23.1
-22
-22.4
-22.6
-21.4
-23.1
-22
-22.4
-22.5
-21.4
-23.1
-21.9
-22.6
-22.5
-21.4
-23
-21.8
-22.6
-22.4
-21.4
-22.9
-21.8
-22.8
-22.4
-21.4
-22.8
-21.7
-23.2
-22.2
-22
-22.6
-21.4
-23.1
-22
-22.6
-22.5
-21.4
-22.9
-21.9
-22.8
-22.4
-21.4
-22.8
-21.7
-23.1
-22.2
-21.8
-22.7
-21.5
-23.2
-22.1
-22.5
-22.5
-21.4
-22.9
-21.8
-22.9
-22.3
-21.6
-22.8
-21.6
-23.2
-22.2
-22.1
-22.6
-21.4
-23.1
-22
-22.7
-22.5
-21.4
-22.9
-21.8
-22.8
-22.4
-21.5
-22.8
-21.7
-23.1
-22.3
-21.7
-22.8
-21.7
-23.2
-22.3
-21.8
-22.8
-21.6
-23.2
-22.2
-22
-22.7
-21.5
-23.1
-22.1
-22.2
-22.7
-21.5
-23.1
-22
-22.4
-22.6
-21.4
-23.1
-22
-22.5
-22.5
-21.4
-23
-21.9
-22.7
-22.5
-21.4
-22.9
-21.7
-22.9
-22.3
-21.7
-22.8
-21.7
-23.2
-22.2
-22.1
-22.7
-21.5
-23.2
-22.1
-22.6
-22.5
-21.4
-22.9
-21.9
-22.8
-22.4
-21.5
-22.8
-21.7
-23.1
-22.3
-21.8
-22.7
-21.5
-23.2
-22.1
-22.3
-22.6
-21.4
-23
-22
-22.6
-22.5
-21.4
-22.9
-21.8
-23.1
-22.3
-21.6
-22.8
-21.6
-23.2
-22.2
-22.2
-22.6
-21.5
-23.2
-22.1
-22.5
-22.5
-21.4
-23.1
-22
-22.6
-22.4
-21.4
-22.9
-21.8
-22.9
-22.4
-21.5
-22.8
-21.7
-23
-22.3
-21.6
